# area_id	droop	damping	inertia
1.0	24.0	2.5	2.2504212256622447
1.0	24.0	2.75	2.1446600808684333
1.0	24.0	3.0	2.0414581602563366
1.0	24.0	3.25	1.9408154638259547
1.0	24.0	3.5	1.8427319915772877
1.0	24.0	3.75	1.7472077435103353
1.0	24.0	4.0	1.6542427196250975
1.0	24.0	4.25	1.563836919921574
1.0	24.0	4.5	1.4759903443997657
1.0	24.0	4.75	1.3907029930596717
1.0	24.0	5.0	1.3079748659012926
1.0	24.0	5.25	1.227805962924628
1.0	24.0	5.5	1.1501962841296782
1.0	24.0	5.75	1.0751458295164427
1.0	24.0	6.0	1.0026545990849218
1.0	24.0	6.25	0.9327225928351163
1.0	24.0	6.5	0.8653498107670248
1.0	24.0	6.75	0.8005362528806483
1.0	24.0	7.0	0.7382819191759862
1.0	24.0	7.25	0.678586809653039
1.0	24.0	7.5	0.621450924311806
1.0	24.0	7.75	0.5668742631522878
1.0	24.0	8.0	0.5148568261744846
1.0	24.0	8.25	0.46539861337839605
1.0	24.0	8.5	0.41849962476402136
1.0	24.0	8.75	0.37415986033136206
1.0	24.0	9.0	0.3323793200804175
1.0	24.0	9.25	0.29315800401118763
1.0	24.0	9.5	0.2564959121236714
1.0	24.0	9.75	0.22239304441787078
1.0	24.0	10.0	0.19084940089378488
1.0	24.0	10.25	0.1694742052882077
1.0	24.0	10.5	0.17689703290378808
1.0	24.0	10.75	0.18445124398920515
1.0	24.0	11.0	0.19213542325973146
1.0	24.0	11.25	0.19994818065910047
1.0	24.0	11.5	0.20788815073435102
1.0	24.0	11.75	0.2159539920304649
1.0	24.0	12.0	0.22414438650400823
1.0	24.0	12.0	20.67085561349599
1.0	24.0	11.75	20.591546007969534
1.0	24.0	11.5	20.512111849265647
1.0	24.0	11.25	20.4325518193409
1.0	24.0	11.0	20.35286457674027
1.0	24.0	10.75	20.273048756010795
1.0	24.0	10.5	20.193102967096213
1.0	24.0	10.25	20.113025794711792
1.0	24.0	10.0	20.032815797698632
1.0	24.0	9.75	19.95247150835652
1.0	24.0	9.5	19.87199143175454
1.0	24.0	9.25	19.791374045018465
1.0	24.0	9.0	19.71061779659399
1.0	24.0	8.75	19.629721105484826
1.0	24.0	8.5	19.548682360464543
1.0	24.0	8.25	19.467499919261076
1.0	24.0	8.0	19.386172107712763
1.0	24.0	7.75	19.304697218894603
1.0	24.0	7.5	19.223073512213528
1.0	24.0	7.25	19.141299212471296
1.0	24.0	7.0	19.05937250889354
1.0	24.0	6.75	18.977291554123575
1.0	24.0	6.5	18.895054463179264
1.0	24.0	6.25	18.812659312371327
1.0	24.0	6.0	18.73010413818137
1.0	24.0	5.75	18.64738693609773
1.0	24.0	5.5	18.564505659407203
1.0	24.0	5.25	18.481458217940602
1.0	24.0	5.0	18.39824247676993
1.0	24.0	4.75	18.314856254854963
1.0	24.0	4.5	18.23129732363669
1.0	24.0	4.25	18.147563405575138
1.0	24.0	4.0	12.234914016723634
1.0	24.0	3.75	0.05
1.0	24.0	3.5	0.05
1.0	24.0	3.25	0.05
1.0	24.0	3.0	0.05
1.0	24.0	2.75	0.05
1.0	24.0	2.5	0.05
2.0	55.0	2.5	0.1
2.0	55.0	2.75	0.1
2.0	55.0	3.0	0.1
2.0	55.0	3.25	0.1
2.0	55.0	3.5	0.1
2.0	55.0	3.75	0.1
2.0	55.0	4.0	0.1
2.0	55.0	4.25	0.1
2.0	55.0	4.5	0.1
2.0	55.0	4.75	0.1
2.0	55.0	5.0	0.1
2.0	55.0	5.25	0.1
2.0	55.0	5.5	0.1
2.0	55.0	5.75	0.1
2.0	55.0	6.0	0.1
2.0	55.0	6.25	0.1
2.0	55.0	6.5	0.1
2.0	55.0	6.75	0.1
2.0	55.0	7.0	0.1
2.0	55.0	7.25	0.1
2.0	55.0	7.5	0.1
2.0	55.0	7.75	0.1
2.0	55.0	8.0	0.1
2.0	55.0	8.25	0.1
2.0	55.0	8.5	0.1
2.0	55.0	8.75	0.1
2.0	55.0	9.0	0.1
2.0	55.0	9.25	0.1
2.0	55.0	9.5	0.1
2.0	55.0	9.75	0.1
2.0	55.0	10.0	0.1
2.0	55.0	10.25	0.1
2.0	55.0	10.5	0.1
2.0	55.0	10.75	0.1
2.0	55.0	11.0	0.1
2.0	55.0	11.25	0.1
2.0	55.0	11.5	0.1
2.0	55.0	11.75	0.1
2.0	55.0	12.0	0.1
2.0	55.0	12.0	9.673111029200966
2.0	55.0	11.75	9.654104278056304
2.0	55.0	11.5	9.635080644484544
2.0	55.0	11.25	9.616040033194052
2.0	55.0	11.0	9.596982347993357
2.0	55.0	10.75	9.57790749177922
2.0	55.0	10.5	9.55881536652448
2.0	55.0	10.25	9.539705873265701
2.0	55.0	10.0	9.52057891209061
2.0	55.0	9.75	9.501434382125309
2.0	55.0	9.5	9.482272181521262
2.0	55.0	9.25	9.463092207442068
2.0	55.0	9.0	9.443894356049995
2.0	55.0	8.75	9.424678522492266
2.0	55.0	8.5	9.40544460088712
2.0	55.0	8.25	9.386192484309623
2.0	55.0	8.0	9.366922064777219
2.0	55.0	7.75	9.347633233235019
2.0	55.0	7.5	9.328325879540847
2.0	55.0	7.25	9.308999892449988
2.0	55.0	7.0	9.289655159599688
2.0	55.0	6.75	9.270291567493349
2.0	55.0	6.5	9.250909001484448
2.0	55.0	6.25	9.23150734576017
2.0	55.0	6.0	9.212086483324711
2.0	55.0	5.75	9.192646295982307
2.0	55.0	5.5	9.173186664319925
2.0	55.0	5.25	9.153707467689642
2.0	55.0	5.0	9.134208584190691
2.0	55.0	4.75	9.114689890651173
2.0	55.0	4.5	9.09515126260942
2.0	55.0	4.25	9.075592574295007
2.0	55.0	4.0	9.056013698609407
2.0	55.0	3.75	9.036414507106274
2.0	55.0	3.5	9.01679486997134
2.0	55.0	3.25	8.99715465600195
2.0	55.0	3.0	8.977493732586153
2.0	55.0	2.75	8.957811965681454
2.0	55.0	2.5	8.93810921979309
