 
su_cost	sd_cost	prod_cost	cr⁺	cr⁻	𝜟pd	𝜟pw
260.0	260.0	35730.41868369282	52.80000000000002	0.6779725319204708	0.0	10.003849803264014
 
list 1: units stutup/down states
1	1	1	1	1	1	1	1	1	1	1	1	1	1	1	1	1	1	1	1	1	1	1	1
0	0	0	0	0	0	0	0	0	0	0	0	0	0	0	0	0	0	0	0	0	0	0	0
0	0	0	0	0	0	0	0	0	0	1	1	1	1	0	0	0	0	0	0	0	0	0	0
 
list 2: units dispatching power in scenario NO.1
0.9115251033050501	0.9123267278486568	0.9122762735823514	0.9123636163530955	0.9124785722976485	0.9126949360447884	0.9142036933197435	0.9150980022951852	0.9147385071767118	0.9146107865141992	1.0669847623134254	1.029444775800089	0.9168927031730114	0.9213304471498548	0.9625290573242582	0.9149698499478379	0.9135427988936632	0.9128863338162143	0.9133408441786652	0.9124140081802604	0.9127608262638284	0.9146881005375662	0.9147052357100055	0.9129944207293897
0.0	0.0	0.0	0.0	0.0	0.0	0.0	0.0	0.0	0.0	0.0	0.0	0.0	0.0	0.0	0.0	0.0	0.0	0.0	0.0	0.0	0.0	0.0	0.0
0.0	0.0	0.0	0.0	0.0	0.0	0.0	0.0	0.0	0.0	0.1	0.1	0.1	0.1	0.0	0.0	0.0	0.0	0.0	0.0	0.0	0.0	0.0	0.0
 
list 3: spolied wind power
0.9820383235051923	0.7957381224754775	0.7366706029875196	0.6535290287367477	0.6241677628913891	0.351639115198028	0.31707697229542253	0.32310718303722463	0.32116721402532655	0.305756843312877	0.0	0.0	0.08990539521873775	0.0	0.0	0.3584696413038987	0.48473837355440164	0.0	0.523017558848687	0.7249467292308357	0.8609658815776159	0.20769025081140763	0.2951480757410009	0.6531773382882433
0.0	0.0	0.0	0.0	0.0	0.0	0.0	0.0	0.0	0.0	0.0	0.0	0.0	0.0	0.0	0.0	0.0	0.6428215986733032	0.0	0.0	0.0	0.0	0.0	0.0
 
list 4: forced load curtailments
0.0	0.0	0.0	0.0	0.0	0.0	0.0	0.0	0.0	0.0	0.0	0.0	0.0	0.0	0.0	0.0	0.0	0.0	0.0	0.0	0.0	0.0	0.0	0.0
0.0	0.0	0.0	0.0	0.0	0.0	0.0	0.0	0.0	0.0	0.0	0.0	0.0	0.0	0.0	0.0	0.0	0.0	0.0	0.0	0.0	0.0	0.0	0.0
0.0	0.0	0.0	0.0	0.0	0.0	0.0	0.0	0.0	0.0	0.0	0.0	0.0	0.0	0.0	0.0	0.0	0.0	0.0	0.0	0.0	0.0	0.0	0.0
 
list 12: hydros output
2.4110899999999997	2.58885	2.5813699999999997	2.60403	2.62966	2.6892799999999997	3.00729	3.1943999999999995	3.11916	3.0931999999999995	3.61471	3.6091	3.58798	3.5596	3.59546	3.16569	2.86	2.71414	2.81567	2.6108499999999997	2.6764099999999997	3.11454	3.11355	2.7362499999999996
2.4110899999999997	2.58885	2.5813699999999997	2.60403	2.62966	2.6892799999999997	3.00729	3.1943999999999995	3.11916	3.0931999999999995	3.61471	3.6091	3.58798	3.5596	3.59546	3.16569	2.86	2.71414	2.81567	2.6108499999999997	2.6764099999999997	3.11454	3.11355	2.7362499999999996
2.4110899999999997	2.58885	2.5813699999999997	2.60403	2.62966	2.6892799999999997	3.00729	3.1943999999999995	3.11916	3.0931999999999995	3.61471	3.6091	3.58798	3.5596	3.59546	3.16569	2.86	2.71414	2.81567	2.6108499999999997	2.6764099999999997	3.11454	3.11355	2.7362499999999996
2.4110899999999997	2.58885	2.5813699999999997	2.60403	2.62966	2.6892799999999997	3.00729	3.1943999999999995	3.11916	3.0931999999999995	3.61471	3.6091	3.58798	3.5596	3.59546	3.16569	2.86	2.71414	2.81567	2.6108499999999997	2.6764099999999997	3.11454	3.11355	2.7362499999999996
2.4110899999999997	2.58885	2.5813699999999997	2.60403	2.62966	2.6892799999999997	3.00729	3.1943999999999995	3.11916	3.0931999999999995	3.61471	3.6091	3.58798	3.5596	3.59546	3.16569	2.86	2.71414	2.81567	2.6108499999999997	2.6764099999999997	3.11454	3.11355	2.7362499999999996
2.4110899999999997	2.58885	2.5813699999999997	2.60403	2.62966	2.6892799999999997	3.00729	3.1943999999999995	3.11916	3.0931999999999995	3.61471	3.6091	3.58798	3.5596	3.59546	3.16569	2.86	2.71414	2.81567	2.6108499999999997	2.6764099999999997	3.11454	3.11355	2.7362499999999996
2.4110899999999997	2.58885	2.5813699999999997	2.60403	2.62966	2.6892799999999997	3.00729	3.1943999999999995	3.11916	3.0931999999999995	3.61471	3.6091	3.58798	3.5596	3.59546	3.16569	2.86	2.71414	2.81567	2.6108499999999997	2.6764099999999997	3.11454	3.11355	2.7362499999999996
2.4110899999999997	2.58885	2.5813699999999997	2.60403	2.62966	2.6892799999999997	3.00729	3.1943999999999995	3.11916	3.0931999999999995	3.61471	3.6091	3.58798	3.5596	3.59546	3.16569	2.86	2.71414	2.81567	2.6108499999999997	2.6764099999999997	3.11454	3.11355	2.7362499999999996
 
 
list 10: sr⁺
1.1	1.1	1.1	1.1	1.1	1.1	1.1	1.1	1.1	1.1	1.0	1.0	1.0	1.1	1.1	1.1	1.1	1.1	1.1	1.1	1.1	1.1	1.1	1.1
0.0	0.0	0.0	0.0	0.0	0.0	0.0	0.0	0.0	0.0	0.0	0.0	0.0	0.0	0.0	0.0	0.0	0.0	0.0	0.0	0.0	0.0	0.0	0.0
0.0	0.0	0.0	0.0	0.0	0.0	0.0	0.0	0.0	0.0	0.1	0.1	0.1	0.0	0.0	0.0	0.0	0.0	0.0	0.0	0.0	0.0	0.0	0.0
 
list 11: sr⁻
0.011525103305050036	0.012326727848656708	0.012276273582351293	0.012363616353095463	0.012478572297648436	0.012694936044788309	0.014203693319743471	0.015098002295185209	0.014738507176712152	0.014610786514199225	0.016960278809421647	0.01694288880604998	0.016892703173011434	0.01673366738821254	0.016919517735668937	0.014969849947839018	0.013542798893665185	0.012886333816214275	0.013340844178665212	0.012414008180262644	0.012760826263828353	0.014688100537568463	0.014705235710005482	0.012994420729389713
0.0	0.0	0.0	0.0	0.0	0.0	0.0	0.0	0.0	0.0	0.0	0.0	0.0	0.0	0.0	0.0	0.0	0.0	0.0	0.0	0.0	0.0	0.0	0.0
0.0	0.0	0.0	0.0	0.0	0.0	0.0	0.0	0.0	0.0	0.0	0.0	0.0	0.0	0.0	0.0	0.0	0.0	0.0	0.0	0.0	0.0	0.0	0.0
